- 0 1
8  ♖ ♘ ♗ ♕ ♔ ♗ ♘ ♖
7  ♙ ♙ ♙ ♙ ♙ ♙ ♙ ♙
6  . . . . . . . .
5  . . . . . . . .
4  . . . . . . . .
3  . . . . . . . .
2  ♟ ♟ ♟ ♟ ♟ ♟ ♟ ♟
1  ♜ ♞ ♝ ♛ ♚ ♝ ♞ ♜

   a b c d e f g h

    To Move:  WHITE
    Castling: KQkq
    En Pass:  n/a

rnbqkbnr/pppppppp/8/8/8/8/PPPPPPPP/RNBQKBNR w KQkq - 0 1

8  0 0 0 0 0 0 0 0
7  0 0 0 0 0 0 0 0
6  0 0 0 0 0 0 0 0
5  0 0 0 0 0 0 0 0
4  0 0 0 0 0 0 0 0
3  0 0 0 0 0 0 0 0
2  1 1 1 1 1 1 1 1
1  1 1 1 1 1 1 1 1

   a b c d e f g h

   0xffff000000000000

8  1 1 1 1 1 1 1 1
7  1 1 1 1 1 1 1 1
6  0 0 0 0 0 0 0 0
5  0 0 0 0 0 0 0 0
4  0 0 0 0 0 0 0 0
3  0 0 0 0 0 0 0 0
2  0 0 0 0 0 0 0 0
1  0 0 0 0 0 0 0 0

   a b c d e f g h

   0x000000000000ffff

8  1 1 1 1 1 1 1 1
7  1 1 1 1 1 1 1 1
6  0 0 0 0 0 0 0 0
5  0 0 0 0 0 0 0 0
4  0 0 0 0 0 0 0 0
3  0 0 0 0 0 0 0 0
2  1 1 1 1 1 1 1 1
1  1 1 1 1 1 1 1 1

   a b c d e f g h

   0xffff00000000ffff

8  0 0 0 0 0 0 0 0
7  0 0 0 0 0 0 0 0
6  0 0 0 0 0 0 0 0
5  0 0 0 0 0 0 0 0
4  0 0 0 0 0 1 0 0
3  0 0 0 0 1 0 0 0
2  0 1 0 1 0 0 0 0
1  0 0 0 0 0 0 0 0

   a b c d e f g h

   0x000a102000000000

